[1 1] [2 2] [3 0] [3 3] [4 1] [4 4] [5 2] [6 0] [5 5] [6 3] [7 1] 
0.06009939337067709 0.22893226463735583 0.1804420113902265 0.10856595488435251 0.11914398395438194 0.15333982981830227 0.15935170064741525 0.1429848789201059 0.13310319821047953 0.1085150617909967 0.10738378298774742 
0.0014839223383845265 0.1797302427846665 0.3237274215271154 0.205355711278566 0.12529902099599804 0.1962476680501547 0.1731323351404543 0.11763491599556646 0.13821372593993791 0.19569337893436964 0.15879922009257644 
0.07828102545834635 0.03673713817101467 0.18898438099307122 0.1931599765452757 0.2192641966507485 0.12916206761487697 0.13602733521026159 0.14775769997432883 0.11248073416964093 0.1369078346348858 0.11057541545890565 
0.015905598000902035 0.04244497691576012 0.12737014167530003 0.10412517355293259 0.16938824465835392 0.12462207964017975 0.1208234910409267 0.20424815793618945 0.1329274068085042 0.1369209397825245 0.10162555160649162 
0.029747461438502525 0.07920109225136444 0.2303102698571511 0.07413686999689947 0.12874771659188222 0.17065819509824878 0.13122295505666218 0.1054031820785066 0.12124888367572381 0.13508730146249176 0.12433131413101953 
0.06348227765911744 0.23949516962318215 0.3783056251996515 0.09566144192782881 0.12920008632441657 0.11162413011897533 0.13227977284523781 0.16311652618222292 0.09933727419957541 0.134625562192938 0.12814681870156863 
0.07843015826902096 0.13558862920955628 0.2590573913135137 0.16927352250842098 0.11631038414977414 0.14551741397750562 0.11072753364639239 0.14107963632460122 0.13731673810548534 0.1175902310956624 0.10271563513161329 
0.24249063627030754 0.10500299157235538 0.15200901867607017 0.2033085007735753 0.16690460802958837 0.2659432299617819 0.19669941985379497 0.25393305709225583 0.14123602800069965 0.15009466115716036 0.270111305628163 
0.02041367282090744 0.08563295227492189 0.17144153728768646 0.10952186693311704 0.08556102387336927 0.1397172687691819 0.09632936269255175 0.3301241868533137 0.18498069595590702 0.19816123284619103 0.1140287533052384 
0.11002911889537088 0.0802769587027074 0.2226403573163457 0.13438697784464243 0.19210448428200366 0.15109613648510956 0.22909348357658796 0.2563032953692776 0.1320202684120241 0.13427813279912088 0.1408022802065391 
0.11648857263011973 0.46668334729977196 0.5856567242379657 0.2275402908267481 0.3249203791336032 0.06853457926733189 0.15540639462458405 0.22500867020676957 0.09504679478513715 0.12433422167611066 0.20481193895010602 
0.30097925523348934 0.0952256376309598 0.0943020057474353 0.11225092348852753 0.14945323823862144 0.20387229057538306 0.2023612602142183 0.2396280846392973 0.17297339870568607 0.17708633994331552 0.18612968832130933 
0.6142019273712472 0.25921706572833647 0.43751643360117615 0.21697544889562584 0.3000674638142086 0.19145446106393788 0.2867375046787987 0.27549413058985794 0.1973340296553992 0.20583534348672083 0.2651906802496241 
0.10613039027350588 0.0847138813190277 0.18147184224126542 0.13211409868779092 0.15465380536657328 0.14740186536031233 0.13871175151358953 0.2858471006986449 0.11794265827929866 0.1141434726302574 0.1254724583390516 
0.11390413091953176 0.0997787634825331 0.1372177922548117 0.09217931625046577 0.11473832308909014 0.10822170708063968 0.10188423380733258 0.14703855988077144 0.11000005155868703 0.12376634033349804 0.15335951407358198 
0.12155764144554887 0.08744377062140125 0.2674885853716924 0.16652791876682102 0.2795525402961382 0.12676173104614577 0.11176045040592604 0.1414872986483677 0.12800708863496096 0.1378452172013843 0.12104354847829722 
0.07860574150719075 0.06262682389353853 0.16441484464441802 0.09979643200646417 0.12085832953300675 0.16157814479508242 0.12912566113999344 0.24801498115511972 0.12595804168105013 0.13447299299416962 0.13508581018989832 
0.108527388543308 0.04460176052931638 0.26218444123321744 0.11869966329280328 0.10349869858993004 0.11219020751161547 0.09499077535096569 0.13126314592500118 0.12968600673438596 0.12466939313029576 0.10804030136466267 
0.01923363045549967 0.09717713308822913 0.0686103308487175 0.11703572734185515 0.12581190601208353 0.14164864318577797 0.09539055351173006 0.18366300863805002 0.12004082416651948 0.13752975096584058 0.10834680948577771 
0.025303311035171222 0.15704736118041018 0.14090665251964257 0.12964255610020542 0.07687353206054116 0.10075975046560527 0.10712600450881558 0.1623487505900835 0.13835533718152468 0.13648360629135378 0.10327207416481776 
0.09547230805890168 0.04971996851157125 0.16892991017834152 0.1396260586558088 0.18715328316945865 0.2813290721090906 0.17251588169040155 0.4462134258922082 0.1815345527729813 0.3195041125524326 0.3970978409339936 
0.023653458136906252 0.13649255164342433 0.1492585922762674 0.1104284526586442 0.18952606451942028 0.14829060549869477 0.08452711269222785 0.24297941145868024 0.12085006538196645 0.12528143811783451 0.10957595208031704 
0.1582773470016716 0.22153707240306747 0.34557459349948466 0.16279712201490681 0.21368700849724673 0.11353893735074426 0.09925461869542564 0.12930639658898116 0.11451696013156493 0.1011771978993804 0.09950871234110006 
0.003915216754761044 0.22887993887747182 0.09626798053434575 0.4998180825754773 0.5732846634277105 0.30631202533670315 0.12250464726035645 0.4231239754367866 0.14562018641001012 0.23372805653196227 0.25744053570261977 
0.11342387109973025 0.08079763772340427 0.20588358040496238 0.14895497181257616 0.1803845687682689 0.12350097004319174 0.11013580081672064 0.08721096095036603 0.14810686347642082 0.16007128510038132 0.10033125156186823 
0.04242801441391379 0.06551596094034846 0.30670621793203884 0.18632192326389332 0.10722737059603814 0.1285070582784397 0.0881246799644621 0.1540357304749294 0.12052190346725665 0.13412708122379605 0.10768179431649012 
0.09245566759762096 0.15924470517776054 0.26857603962204124 0.12251123008170003 0.14236932003672675 0.11723529802383023 0.11967754417614951 0.10246189749971811 0.12222538997994985 0.1586116294250149 0.13438751193024018 
0.12066160497693736 0.08651940011662206 0.27577141234450825 0.13869202923952165 0.13916122289411254 0.13882504993836753 0.13166183021205316 0.13833961136211698 0.11073395299151423 0.11449631419402302 0.09896399874318518 
0.2469666516184605 0.11723076942945113 0.3290229845613672 0.3333975739941467 0.34068470217934915 0.1453981245012093 0.11687719196680274 0.28755847048570127 0.13306757111491385 0.11172213595431457 0.10189879414393965 
0.039732518871791245 0.10861805403487079 0.31660909044987634 0.14204889510137092 0.17742877710803986 0.13291689657581837 0.1019922201129926 0.2353472589573044 0.13772389743366273 0.1304626950444033 0.13415369308394193 
0.35140580843636376 0.057104661825077875 0.14556909726838674 0.09404370405271728 0.16217739032628936 0.11283700573979821 0.09985481315045233 0.28718484168130703 0.13799195099349496 0.1115465420044135 0.11839181070310327 
0.026640267842661238 0.13646865392397825 0.16374293600913595 0.17817296493575357 0.08612252451913142 0.12403255191998937 0.10591975745710379 0.135965619980242 0.1418302467890431 0.12136221423251187 0.09998260057617685 
0.12478845923347479 0.065724538380574 0.26551674422768073 0.09257901937938505 0.16335129174041424 0.10285601475120905 0.08629616603792051 0.2541331936674145 0.10634422125931582 0.13757090697670496 0.1547983757307648 
0.11326978815265021 0.08045663301596963 0.18561233383227732 0.12125994743193479 0.1216665413215994 0.17609298375586954 0.07869971702132211 0.18628576021739457 0.13221396467336397 0.1380124834495 0.14330857748309747 
0.023724011201964372 0.048056447008994724 0.290685364892098 0.13636673652730114 0.07467404410468692 0.16376466421446703 0.11689590332147372 0.21137821223612702 0.14340137548912738 0.1705167829522958 0.17839917055239327 
0.028238076116298496 0.14471530374971472 0.21288207130739448 0.1707093168038815 0.09811756907697299 0.10797572905477379 0.1150786944138201 0.1463018683714057 0.16626114469113298 0.1485691216624643 0.12832020945502504 
0.026335216658855173 0.09134161790241958 0.22650432268913412 0.12441108510361248 0.09932056786082334 0.1281974397363544 0.1199797832712758 0.16517140796805113 0.11178784967595068 0.11734573172659296 0.13672427988661998 
0.05243776461034959 0.2849534611037732 0.23239032879721488 0.16222399258246978 0.3513374105204117 0.3595000219143828 0.32118017206027255 0.3632178784877355 0.16424886187922993 0.28972046911664356 0.2884662221963961 
0.10371959931876115 0.09567249297347874 0.19683362761139864 0.1409635302512329 0.2353221938041044 0.13618648079391568 0.13686234962924446 0.19715542570733466 0.11610174869670542 0.12148246300535356 0.15608714129380305 
