[1 1] [2 2] [3 0] [3 3] [4 1] [4 4] [5 2] [6 0] [5 5] [6 3] [7 1] 
0.11921126809438902 0.12721251618040652 0.21371173008239996 0.2359070150245524 0.17945633231887514 0.2209245688375845 0.20491303141727218 0.16763988361881282 0.21033534953692484 0.2147119306985876 0.19822607915786325 
0.1533663552047771 0.21888161601613298 0.08752525996399656 0.19708068325091724 0.1997466803618056 0.2084839213808594 0.2139852870662596 0.317760576791406 0.22709881267200957 0.21904301171441817 0.18759481499816608 
0.06976939331512355 0.2331478984701581 0.3860077102541345 0.20647243713588495 0.21426787052642915 0.20642273337904593 0.22102242055601953 0.2732601625504255 0.22192211128077838 0.20018425755220434 0.21934202092483912 
0.049821781481977065 0.1586994184909659 0.10912513751900367 0.21483415658206625 0.172677439506026 0.2195041699256522 0.19744744386892052 0.2849840971009715 0.22736898833780067 0.2115419739675978 0.21245378288066888 
0.04180966209599097 0.2108414944599722 0.2617002108303163 0.15972555692026777 0.22646560992364584 0.23018433876548586 0.19001099188186366 0.326142016981708 0.2609029431505819 0.2156847993610762 0.1988035598631106 
0.08144176993286116 0.29456823861450443 0.29252272261557 0.19066139956477554 0.1953399365939164 0.23687573688689614 0.20360721859870565 0.2002805211729751 0.21514840286258438 0.20993550379391676 0.21474644253517106 
0.12304831851016364 0.2461719293503942 0.12967221024124048 0.20328838799692597 0.14345218979221477 0.2656457814853126 0.192809198592193 0.31776250642055603 0.22227319160895984 0.20952954140949115 0.2096470009096646 
0.0006652771216929343 0.25256449045224566 0.17590099563970035 0.2427094076381775 0.24435973326875776 0.22498339440084864 0.20987660791226848 0.3039935033962223 0.21102353260085407 0.23521925789281467 0.22486655150065327 
0.05648538995052316 0.23204280138871897 0.24288997188681152 0.1853918075460941 0.18063250951140894 0.27513665980717444 0.22244801301753014 0.3340761452590816 0.2161645682711417 0.23567337961192342 0.22719903854954082 
0.10368612795033053 0.20039200388674963 0.31052838166261704 0.21754976029672587 0.19916127865516833 0.2223123487134571 0.20548780165980413 0.1790144565169523 0.2267332551009285 0.22891277282583267 0.21138909878275017 
0.04807306646959885 0.18732431618438142 0.1498966479564532 0.1718942783279538 0.20800811796977509 0.22349975650267562 0.2264584657032104 0.19555949367859632 0.2532745826509098 0.2051574284369934 0.2153557478969275 
0.005542699133902365 0.1528963711624603 0.17484219736326806 0.21959675809571536 0.2127659021299745 0.23121705722845542 0.21594158866258858 0.26036615928300216 0.21755090483382766 0.19594601742962628 0.19438339508460556 
0.03920836787472185 0.23256817654718256 0.2042390992423762 0.20147052856028136 0.20764732447227452 0.24310065333745048 0.1959666054165864 0.16798830297058198 0.22399196985170192 0.22341449625201595 0.19423633006146263 
0.02400557005680225 0.34149420496882976 0.2655119649575839 0.19520538277352167 0.2002631887321035 0.2300831882494087 0.24540823161101802 0.3409291635711808 0.24660751791600996 0.21155312809380755 0.2324759854205346 
0.054963781488841935 0.23335697154498214 0.22791029130624557 0.19240245192172806 0.19448741389254318 0.20907433891581179 0.1941200334700441 0.28403412794138216 0.2206558524676165 0.21636565843643593 0.2124778265061674 
0.024503587327380952 0.18295791537339873 0.19608849076381987 0.1916900502528425 0.23054448093303184 0.22929954941055478 0.19742375116405556 0.2376201181201033 0.24469255028214904 0.21256306383633733 0.23024078556631283 
0.1243185402940822 0.15975304335024754 0.3479190379460988 0.21670704319885284 0.32504083647669846 0.21128497569872737 0.22395694629476157 0.35563664896282876 0.24119334507397885 0.20735364568008885 0.20069031863121675 
0.05922557208873005 0.27774951557549893 0.3585900155160433 0.42400592716236435 0.45894879295406527 0.24956984293668852 0.3077424680542601 0.29691480292986333 0.3111458622666201 0.29285401297831765 0.2399360121890641 
0.12388063217466792 0.27001485851305523 0.148482436765792 0.19129484893097545 0.18934300548181215 0.20694318153972716 0.21566564448155276 0.19193628830033244 0.21717526172113766 0.2161240700328569 0.19273277791977766 
0.081210777408732 0.2560078397786414 0.05989440785186414 0.18908094851931975 0.19789598184891802 0.2098191378495992 0.1981660338319767 0.18946260656500127 0.23055909517033554 0.21194861504029616 0.1989920810343497 
0.08231101674818095 0.2077683641910606 0.26216960517422194 0.19367571863513253 0.23067487658049846 0.32228685428773707 0.1817036703448628 0.33318992660628816 0.20825160704957035 0.2155443455312754 0.2008095759149311 
0.08101732102486944 0.36956161738063464 0.22309783815414555 0.1698219759027105 0.14823975415643398 0.3051516604120472 0.22427196039340666 0.20822061441682674 0.30163753621492484 0.20745489461137084 0.1949605336121818 
0.0660463463884903 0.2446166885070205 0.18004749480059518 0.20144527380996685 0.17730789122502763 0.2180218914676549 0.20758323562273234 0.20674578216979642 0.22634342975490324 0.23280166112171524 0.20693241485831096 
0.1001510802266111 0.2675965858437324 0.26559694762507363 0.21614752483289906 0.21704276872906794 0.2722949082952903 0.19885141244485222 0.1997987715893708 0.21853282965620846 0.2192170863145323 0.20549035095133758 
0.10850645331256922 0.32598676755474665 0.18137233387562135 0.16145328900206615 0.21490807703442774 0.22873952705645514 0.21676217638740017 0.1745298310019962 0.22430781184953344 0.2109538803747237 0.20927297548040755 
0.12170590890795899 0.1268390845477726 0.33160667118570863 0.3763332550868693 0.4622795222972938 0.27789494813907717 0.26713293995322573 0.3491132020305611 0.31958776713561043 0.3064674928090258 0.18387124061953752 
0.09938452698608256 0.17142668870155964 0.18459135220226397 0.19052308513469193 0.1679685822802245 0.25611166531428037 0.19665926480696488 0.3182002027313997 0.22136255917706876 0.2196208626494917 0.212621104823298 
0.09113578040587246 0.24116421443814215 0.2060329495604784 0.20111969984531156 0.2049255290377668 0.24353658867154743 0.19769451264972981 0.1787273812504755 0.2305226722940994 0.21827284534278193 0.20417772232645695 
0.044456765969511994 0.18956285947243623 0.19343428886067382 0.19289466307746375 0.19121692458717968 0.24492282140957758 0.21781747511390645 0.1913831757241132 0.21615982653789606 0.2266241360933633 0.20908883327954966 
0.10193993009752514 0.1276828453318758 0.2177926843448023 0.25249108444152085 0.18196145056664098 0.2308642056535112 0.2024153463400755 0.25286772157928594 0.21591443250352182 0.21386598352962835 0.20404487966836596 
0.12149299750091697 0.07419490429484218 0.2677585364103923 0.19930897360036506 0.1441340703046277 0.21159690794011807 0.20424071140977265 0.38338900793858977 0.21572611418890533 0.20475372362705493 0.2155744012586749 
0.07504579471344215 0.31956227224611033 0.16836134193320257 0.2185158053284151 0.16723182616504598 0.2767891527803109 0.22544085902627067 0.1624710038738047 0.23258837709402014 0.20698769492741168 0.20403677675548101 
0.03890196033914469 0.2828282171561583 0.33798595082438354 0.22567112079370705 0.20539604628389352 0.20285369341411882 0.19747472685312342 0.18272779105270487 0.20544741227274685 0.228568830493561 0.1947590355683099 
0.050114716526099654 0.20399340643243213 0.3315183936041257 0.32137534050281436 0.3818256021104252 0.21092284723039506 0.2616287119395624 0.34498978757564636 0.3025684027329979 0.28047151226070505 0.20062156574129508 
0.2307228973611062 0.18383915494598824 0.06663455669080942 0.3937292622971449 0.19397421220553332 0.3050481191524654 0.20237710730558553 0.3192041232238427 0.31738588268233275 0.23904821046603958 0.2290942737999485 
0.016572179185909863 0.18520928163813313 0.23808973419047913 0.18493895185732817 0.18541574040402267 0.21238840433441175 0.234251962276601 0.18535357216518192 0.2393025274298862 0.22685237758038496 0.21693988582205428 
0.06633532898185528 0.2044890659893303 0.3253389243469883 0.2033949870578109 0.18793419832384864 0.21982934145842806 0.1872892163481489 0.30910347728393006 0.22112822423674225 0.21670940366029667 0.18408787258231288 
0.12122481383012552 0.10190723948512387 0.23199201316652768 0.22681204812740616 0.19690934774636573 0.22843991483428083 0.20188650522613635 0.15126715088280043 0.22912475702425977 0.2223091305906227 0.21669371157161038 
0.11870403740248628 0.12448003710695542 0.3069936630146515 0.26768454303861483 0.20978419878034252 0.2289193811454043 0.22832199515211418 0.2731347625379385 0.2462583651339285 0.2101766226763566 0.19937609248770657 
0.2855290116662907 0.2591159066440153 0.16636149766890154 0.29159977443751345 0.2638401333129507 0.20902043427006767 0.22484798911558634 0.2444214459538487 0.22417481144860665 0.23393202780989406 0.21438283951750217 
0.11447596212422972 0.23936311141876312 0.1383510584748629 0.30755883032484826 0.19957446150391212 0.2522071751682569 0.26303700200847485 0.28690383528098373 0.26756954736050315 0.2674726756361374 0.24436735294330067 
0.12051725719914128 0.2161306921525818 0.19419449935634261 0.1795852953976391 0.20325205712182395 0.199341460746309 0.2138245373232174 0.235930252643203 0.22612350554285301 0.2130402430958011 0.20246674766522404 
0.024736602286766635 0.31167148837681596 0.25748416323500634 0.17145071694375727 0.1641412962924519 0.2209688112131383 0.2664107766619643 0.26707185031876235 0.24643375741078427 0.22419641316226158 0.1835756741385095 
0.07975757688628754 0.16185051650690876 0.20680257512096756 0.2201959997213074 0.19606171468075506 0.22760477350185537 0.2131343128271372 0.21099906218296852 0.20396358356046473 0.2100933865732232 0.1914977593379433 
0.0670824465357361 0.16161796651655758 0.24615608364937966 0.22020005787897057 0.18509408432131558 0.2595253570304844 0.2179552415826568 0.24361863502931658 0.22980066260228094 0.21907938046877815 0.21813488818485396 
0.11738495307442431 0.15713313871767645 0.10656785424418194 0.20743250375529182 0.2040805110907951 0.2185206760396168 0.21837294279615213 0.25545447793870113 0.23335610281764144 0.21464421997153907 0.22273214797009003 
0.00872109931797563 0.18498456223641377 0.33407373725582923 0.1889364813594153 0.30330103575689593 0.1907839629650523 0.27442908677483424 0.4190918699536964 0.2724300593571372 0.22369280240143208 0.20305609179972187 
0.07683448377066968 0.15561052029314226 0.23519555832443603 0.16460775223273844 0.20856168979598247 0.21514268767893385 0.24739444603675806 0.3275511881511779 0.21691895191629737 0.20511579613160966 0.21646718451319233 
0.12072810482262182 0.3543850765747946 0.14003804716220628 0.20046803516018558 0.18636762750438032 0.21847583214319663 0.2481346693751318 0.27108428344362545 0.2084454224565296 0.22987428105351532 0.17209741313238852 
0.04756559660621259 0.29219682088774324 0.136815164892119 0.24484636413574043 0.1866162096974077 0.2511053811903604 0.21068084536388526 0.14437572844677662 0.22229704255088845 0.20639327004619834 0.23685237640255058 
0.119434476601165 0.3704794113071118 0.20349895931854117 0.19455948518817487 0.1773476876784138 0.26891695659721193 0.23947685434577468 0.15031651907527496 0.2296260779731968 0.22769443378815313 0.212734984145731 
0.12441193037488806 0.1674135258881903 0.17993030881610103 0.26812975529208016 0.17039257210802153 0.21952728575311398 0.20423868157013686 0.16587757173330953 0.22414574016151645 0.21926967911149767 0.1983913059107636 
0.07612914025420507 0.4313129912746497 0.028663276382456606 0.21775954274905937 0.29402239050511725 0.2436626923655787 0.22220082172649908 0.34163089428209065 0.24673072613109845 0.23656835326185902 0.17920414194332557 
0.022655257577168155 0.3194094562743093 0.3082472538060221 0.2233497158482653 0.18822600344199755 0.2742743561378338 0.2091311348257845 0.25913230632724055 0.2240732476264405 0.22922184879237872 0.19029011531333268 
0.020306309648027075 0.26392406639170335 0.15470339862452578 0.1698813902917057 0.1682723171681203 0.23574898861959692 0.2225295786988258 0.20259898077845032 0.21611077387636557 0.22057892471264726 0.18472254223955945 
0.010657430984229237 0.46699764907602015 0.1067376605459812 0.20193444405582953 0.24237603117327225 0.2985623567986038 0.18502676486804542 0.1986519403583668 0.25633620436838894 0.22372956420248138 0.19914759182595135 
0.18328841926707293 0.38041356298789364 0.17817451728718106 0.23534539509133204 0.2829565403747819 0.21881707752872556 0.22768149573742616 0.19001285927695896 0.21685320211635764 0.2034325489432824 0.20426208271196816 
0.10627849181100008 0.273034037833802 0.2283018337447407 0.20699330417222775 0.21515604576440883 0.24246164607376988 0.19824303085510847 0.18118855241416182 0.20741154184750502 0.2392944983826557 0.19978639233854084 
0.08485658961294118 0.32130741375082006 0.086017472377183 0.23230508314783102 0.17715147032287765 0.21285316537583482 0.2052640903771158 0.22125417172702083 0.2631286300135525 0.2240251728628877 0.18547344174585048 
0.10338307077585299 0.1850070088704513 0.23734033260634244 0.17889171546358607 0.2737369839694414 0.19441923475688225 0.2142502560397298 0.2689353200962915 0.23563790439327317 0.22010385993369191 0.20196065647015718 
0.12179789769439622 0.2339965797084643 0.31494849373195666 0.24043105428178616 0.17494116147393804 0.20507378886178648 0.18692933830322733 0.2626044157338068 0.22502282933246898 0.22752257638971377 0.1925009478919499 
0.33226296208083805 0.16708729117091684 0.2698787964954864 0.20215085505201233 0.18871118198186082 0.24979492785726984 0.18638048606819116 0.23229769184085688 0.22189738698694936 0.1966302961385436 0.23132251725957625 
0.002070573704283933 0.17115291498813306 0.264146907846284 0.18199043476946303 0.1866526693529129 0.25071704746222356 0.18857178673414982 0.15683489308549753 0.23752531278568356 0.22318671803232357 0.1974071870351632 
0.0995532722586995 0.22409422797136708 0.18842321188297737 0.18111160314309693 0.21172276696540285 0.23308814696082114 0.1858539747933291 0.251494972356519 0.20402049138947678 0.21985299918082843 0.19269219458601478 
0.11939887022802431 0.16059534272665818 0.13546750719734857 0.19535508484903813 0.19509967436997383 0.23556449895839934 0.19557629026355958 0.35304261767063916 0.21306994317969372 0.2087721770647163 0.20884003469058773 
0.20903201684927164 0.212107058557598 0.17413079304106835 0.2156505910125223 0.1603739551315234 0.22785639712404535 0.21474233390943434 0.2885176665162805 0.2302702805754956 0.19904852050167943 0.2206152154743784 
0.0031013410250606984 0.1860364282513937 0.26203556184471705 0.18088686666323792 0.17725025135100372 0.22736106709419784 0.22609191559944325 0.2869596419423826 0.21606841045406489 0.20370147251795234 0.2272218957680855 
0.28170257322074355 0.3346005347674105 0.22895476555887412 0.26413784517598804 0.28698262036441546 0.22332009365101643 0.255584937206347 0.29012208256815464 0.21605335105223286 0.23239995796026713 0.2177449787395374 
0.03679134928860759 0.23234420930279165 0.10609441990758132 0.20916300461805631 0.36391064768361686 0.26459653590023835 0.3078178727662885 0.35547256618175466 0.2233487381507718 0.20773120245994273 0.3137653809810526 
0.09619850300410246 0.19217676092376695 0.1507810676555722 0.17669505147395026 0.19023924883690815 0.2150740065032008 0.20548706841334377 0.24206880377662587 0.2844714323997991 0.2139962286697317 0.2098947113511711 
0.1191994595586364 0.1652629398275711 0.3170954982272986 0.29024355025138054 0.1734444969661955 0.2591515685449351 0.19038389321600846 0.28960710138400503 0.229133064497675 0.20618214509735688 0.20335587748706954 
0.0027241237298474526 0.13206374017493183 0.18432965471687313 0.1892347076689944 0.17704040573395538 0.20340131615620768 0.20797718303459467 0.27312130986284167 0.2332967281120259 0.22086046520158661 0.2210044385927889 
0.02895991978420825 0.3107897147304379 0.22046640174720172 0.24141293093447877 0.181541069450797 0.2283100022222543 0.23085256106937063 0.16751789035532572 0.22120267177106664 0.21909437209921684 0.19527673296339074 
0.21012789624384862 0.2399420466145933 0.08953208784471983 0.3337176419827554 0.17256931840594322 0.31980158732326947 0.21603449944774708 0.3183782220699164 0.31891083518579905 0.20263344782185083 0.19971609729721657 
0.06383819709297452 0.21385721868296412 0.2871990535190396 0.24627829081684469 0.19446438066974436 0.33435586614176693 0.20219840459333482 0.21772510559708008 0.25163871992140163 0.23034365691183367 0.21234122008995562 
0.06672048792626573 0.306674292266197 0.1827651936007795 0.20424802567857192 0.19041060931304546 0.2595498668629495 0.20799217836334902 0.23990537343427282 0.20646737320969533 0.22303315081003627 0.1754837264530423 
0.28715462945475134 0.16009285363436845 0.2546954117617106 0.18498715724902676 0.2321715783615159 0.2195467312091853 0.1959655227655238 0.24701732992607892 0.2274299814050555 0.2173792314464114 0.2159596070005249 
0.04862243671230728 0.5701420737883207 0.15313714117124802 0.27002050430574703 0.3750513992691359 0.3783037183024759 0.29336805281704276 0.20254703981873334 0.31339167810589774 0.37555198208769064 0.2793813115789106 
0.022222425900369748 0.4330834512576828 0.14772407697675646 0.2090853122622836 0.2914300376029772 0.1965397611372693 0.28167448633713915 0.2560924532106715 0.2634760645557795 0.21582825928689062 0.2126842562374163 
0.006005346359487445 0.41184800641845654 0.23232844396875482 0.24507456261513336 0.1871258742508881 0.25648362700397853 0.26825089530906265 0.20551074594731542 0.28932106945303154 0.22649304802943393 0.2033560043808421 
0.06251951659155378 0.42163500514660224 0.09352103833719505 0.19477625622863243 0.26980092399371025 0.210895059745533 0.21490919025337749 0.2101950001829907 0.24133859069130026 0.22564919202437045 0.20009490910915026 
0.0862812560277001 0.25772827836017265 0.14061676944403315 0.20498232122275492 0.2199701428940676 0.22379916714395587 0.21333243266915225 0.2301559731899762 0.2111010824076714 0.21723443611942694 0.1951026803580233 
0.06653369895778169 0.10198164179878262 0.2158230285234744 0.1983135043798819 0.21287793905173705 0.21155459672660012 0.2025541900064096 0.22688606756081114 0.22004477931667593 0.2160288806024927 0.19996198828079462 
0.06082198798114645 0.08407672866803113 0.32086541486157466 0.3115580902186749 0.44429487584994165 0.24123779519525868 0.1898392042447071 0.253394863587822 0.22081186109275536 0.21417617017451426 0.18823239427162627 
0.07788562106165169 0.20265302265482704 0.17373830891211287 0.2282927105418 0.20114673973486108 0.21360185015824193 0.20249412453573293 0.24894078439943015 0.24342340811482235 0.21456153061773853 0.2127573841628806 
0.04572121724662267 0.19884595129988106 0.26689166550507587 0.20078551943675138 0.173585773334153 0.20306529705901724 0.21128771895861254 0.30213870809322485 0.23286621811088656 0.21957997164666626 0.21439267436339934 
0.04092076265162281 0.13943639430615692 0.32475905570934277 0.284524762490347 0.1882874304789323 0.2021101390928262 0.17399480587521213 0.20698125768949316 0.22511384070710505 0.21364692110295577 0.21032416703065931 
0.024492629049797564 0.5356097320086306 0.6365438405190011 0.3191541034055824 0.3756328013434369 0.17726717598181846 0.22237216099526574 0.30705173302855854 0.19342948828949527 0.19798075785484687 0.23269149220717697 
0.12270614194408273 0.11952753124215444 0.3331591206806719 0.323190968751473 0.228613193150025 0.2642301733327622 0.24867466008722755 0.34259975101429857 0.2265357382603152 0.21779806301640203 0.2815174601119948 
0.030135453120524618 0.5249466368183887 0.1095752048565251 0.3283393652767376 0.3583802889795822 0.20789410152369478 0.2128301760385188 0.254348330099315 0.21420066117734324 0.2099369436536719 0.18163172390838359 
0.01744671809876323 0.322286797074885 0.2744100631163258 0.214557507269807 0.23481543674430325 0.25855416010355714 0.19104425078263831 0.24701135471698263 0.2519305735536035 0.212627095588495 0.21283707073649732 
0.13598662982827714 0.3553082030700342 0.15622251045071278 0.17690408226442705 0.19560260559646303 0.23009693399872047 0.19773937323345772 0.15306654504261283 0.22416886383439655 0.21578246497219164 0.19945435067115883 
0.06410862494194218 0.12208968047644742 0.34522996472851525 0.4797665749117634 0.24198882939808064 0.45418835580045663 0.3470014074295619 0.4183133470893083 0.451006413078798 0.35864090376682844 0.3245745823688893 
0.003841118990814215 0.19840859426977037 0.1447913742195797 0.2177254653305952 0.19113030164616013 0.22344020022071986 0.20847309638589726 0.1688660080882904 0.2240864680014351 0.2307084712951886 0.21132969270973645 
0.12427503558720131 0.2566386944935739 0.14400311402473248 0.2032015516467892 0.1563002295579739 0.20444220225244591 0.21967617980170953 0.2618367069147639 0.2270778118995957 0.2076368703999267 0.21368609659229718 
0.07160625714041371 0.26034036261424304 0.19619763074353905 0.1578481024037201 0.16167613483408255 0.19160395579540895 0.23048856290354175 0.2638040295753256 0.2168908171249051 0.23388424674967875 0.2020988111130378 
0.10469352222679479 0.20226945850386477 0.1723565567164866 0.20638888263656824 0.20043076258190845 0.25280893402553556 0.18326546929400744 0.20801398136927152 0.2385038232015881 0.22238981218406384 0.19318657766850103 
0.029861073423336867 0.11716908658909653 0.37551935795330244 0.36128120828477706 0.26807702600818517 0.2924971818379947 0.2704254194353005 0.30632669521680306 0.33376611008845386 0.2527444830549358 0.19949906486007057 
0.049662979417844345 0.22609659508878122 0.23217870842423163 0.22911648335296397 0.25469594950415636 0.2954980448325978 0.20042122607187818 0.19728933317071826 0.2142985154498845 0.2170800379417295 0.19619379808230406 
0.10749822092676348 0.1601763057324793 0.12337958357154644 0.1775658332698879 0.22035001273096025 0.23176637601063702 0.21378090424704174 0.175522012890667 0.21764085052737434 0.2218352553952802 0.21665656207464287 
