[1 1] [2 2] [3 0] [3 3] [4 1] [4 4] [5 2] [6 0] [5 5] [6 3] [7 1] 
0.38538201426719504 0.06531338718012544 0.18510280216763628 0.14962981072581072 0.15812201989592128 0.19754264431409063 0.15458733361587998 0.14835561067569392 0.17964490003246986 0.17608609354318705 0.19805132842705891 
0.037616630651986185 0.0795807389257375 0.08222152979092143 0.11199546698678343 0.07631975257456791 0.12074890227629495 0.10144107798995815 0.2241464562093078 0.10097572543183904 0.10507016665939678 0.10933763248147986 
0.034388319015630324 0.09460843736401989 0.04896027433078351 0.10476881010249373 0.04298251543158521 0.12294123863608908 0.09671141243922031 0.12566058560481985 0.10314544989766253 0.08366510328737714 0.07388815564240239 
0.009830975756538093 0.15447849042475661 0.13338908066095137 0.08581503726270906 0.06276212949960189 0.10522634517598961 0.11104747812243984 0.10220803835708221 0.11449277808406785 0.09678412752282164 0.08568524017460899 
0.10463047477920082 0.1304361676728759 0.06193557822644388 0.11546098809374514 0.08755553043490417 0.11234569903028047 0.08627183730277849 0.19654576882685523 0.08575198467478808 0.08440786013228443 0.08985622327113311 
0.3077147289619299 0.05999060058371218 0.05206572061846907 0.09948449069506515 0.05463449568528407 0.10722540765688762 0.08520560434841697 0.13094176830637147 0.11504372550894364 0.08938898781575992 0.09937098283620091 
0.01851238841666672 0.09230741817706921 0.020680523746534566 0.07740371141810552 0.08714922051181889 0.1489958028376743 0.10073697080242491 0.10201146922074344 0.08890817061977928 0.09620849358340054 0.06712139625364551 
0.09953155714974755 0.15648306059474598 0.06574150653117582 0.08569147695432197 0.03648396022218489 0.11216916479706598 0.0986402801294789 0.12841444590789386 0.09216808206299328 0.09818507836674133 0.08719413419761735 
0.025796101825255567 0.1361031470788093 0.12071114014936378 0.08710595649445307 0.06607055251969766 0.134138822770356 0.0871944112239545 0.2279049326689203 0.09777753758909058 0.0839109321748535 0.07631970191093278 
0.10471732500500318 0.12419657680917671 0.01995068336522715 0.1644926792664373 0.0891779248872952 0.12760588055661023 0.10921820492976146 0.16917420528526944 0.13645253280183683 0.11287373525598134 0.1013036076348962 
0.07596567887981306 0.1016057731106025 0.05902712920117264 0.06749841434245953 0.07695195266713555 0.11024402287101404 0.09725907106116748 0.1569079785672728 0.11612362292173538 0.1167165488380292 0.09524172099131469 
0.05753763543645311 0.11241280744979912 0.041493728086164104 0.0914664020967241 0.08954710716966464 0.08559424691494227 0.07851844321368893 0.16973662528944813 0.09662391368932474 0.091741522567976 0.07728104651677259 
0.008233804880673596 0.07098848916417527 0.06917900129209921 0.08690108546652507 0.07206009794546432 0.10659687475897986 0.08787140384893226 0.09334426196449552 0.11044789429339116 0.09069139789482507 0.09365204801117247 
0.31582002310468793 0.04221605960388454 0.059672988219020805 0.0725415992637212 0.04543443061769529 0.07897335964884503 0.09901674088689533 0.1967824185506568 0.09193308289467979 0.08317333189039555 0.08311052460378955 
0.5024654531776834 0.11439573387450465 0.2208637001400625 0.08263782557408265 0.019681936519300267 0.09980029662336386 0.07011212438165185 0.040302851199091654 0.13571559561450386 0.10411315663365873 0.09328615564433003 
0.11127585685286137 0.16076165962856379 0.07893380811913174 0.05802001805923334 0.06300403283767526 0.12188472230174359 0.11670803875676487 0.14338058288414537 0.10159822541779852 0.098409639185647 0.1124645694385563 
0.003810286233341224 0.08388693111961922 0.11383129000876262 0.09339072307915862 0.10259860242964382 0.09400083339139549 0.10338737360046206 0.09196811205466061 0.10070816599246563 0.09703977462663092 0.07010127406778732 
0.08237871509286927 0.12159301953046571 0.014586510653049554 0.053737346895095434 0.0897912060277822 0.10426633742187758 0.09068926245167709 0.07569119445606491 0.11249356540002241 0.08631379197836932 0.07936288379409394 
0.06654414384403579 0.0759591609950195 0.025510057952324923 0.11722202420800233 0.123182936099952 0.17516250744308562 0.12661182449885178 0.3282543744323151 0.10125520071864276 0.12233224830438902 0.10787303996340872 
0.37477423237232926 0.027939196813231364 0.18370111197395297 0.05327101850990915 0.12047654207588958 0.09961058732810657 0.0927702275403317 0.1840986119565918 0.0986038124614967 0.11534129244399564 0.12753333159839256 
0.018796865926549427 0.05627078419418271 0.1279588395795629 0.05779037342089937 0.11970435342025773 0.09286802697272556 0.09858687047890013 0.12132701117730875 0.10114646725885786 0.08145742213602707 0.07050429647569141 
0.012818389716512923 0.0653605800240515 0.0868141462442595 0.08562659873423964 0.058833086081062226 0.10088943500172211 0.10445352740400113 0.10520304818949815 0.13855150918659168 0.09350204346035115 0.06259101128116407 
0.0007895692095257752 0.09513244149202604 0.06893732784948521 0.07450947271717374 0.05525765535561795 0.11357052399925383 0.1068151194141261 0.13611183128210852 0.10473342771223781 0.10078342798446373 0.10784712333484658 
0.04417521240518771 0.07222017410099113 0.06791944381164981 0.07670501254039795 0.08280528984035865 0.08303103568487583 0.09889998804540967 0.10407706888006171 0.09703137286440831 0.0996501523833234 0.07240275472732687 
0.12176065512608308 0.0974036058181916 0.1351923493753121 0.12663094072781994 0.05202929686401459 0.11748100883821522 0.10375927544116313 0.09977195588900581 0.09498246909686105 0.10274857786715362 0.06247133211392205 
0.11802451052268963 0.09795139562078403 0.09015730848576287 0.06584208825016871 0.06765123654979074 0.14127515150958253 0.10961488061676124 0.06805101067070449 0.10035507800977012 0.09089674746024458 0.08306881470789085 
0.06421347068174703 0.20171604976712665 0.031327084435092335 0.09112019370539381 0.03599397633046829 0.10809350427271072 0.09122459633298627 0.07460633180814832 0.12618328157200226 0.08294108676235387 0.08117492338698946 
0.04085840455181132 0.026260059999939377 0.05545767967362219 0.08665409206121817 0.11984131838972564 0.13472560389527327 0.06442942578478376 0.14298323472884492 0.11755438443549283 0.10455976463793605 0.0659071707498503 
0.0003415479062839609 0.09349139590057887 0.0038799882575512004 0.09691809483871326 0.05116734689900716 0.1264736616053494 0.0863975185734017 0.12980567477951366 0.10598417742071818 0.1129106509777568 0.07103075937710555 
0.11156128962965788 0.16445907079897523 0.07711156623153716 0.08943591563678772 0.040167254167608545 0.0965567083793124 0.09465478995291421 0.1549660049404991 0.10179109136439807 0.0814940422542779 0.07432445713248559 
0.015544190088230816 0.10218707926980845 0.06111080751370479 0.0676095176047345 0.08844358604923051 0.09219341947933428 0.0902556496872216 0.17728904672149456 0.11770778448384939 0.09170795144009956 0.08783375022951194 
0.06567727887212692 0.07991355244111507 0.03557481057932464 0.06894563158331954 0.09291316715119993 0.08474129074181885 0.10150969639405863 0.07449348971175802 0.11127091365477944 0.08934713898368815 0.08272530169901793 
0.0675802965967473 0.23037660647961544 0.026127545824194694 0.08091451536599054 0.08647001744215808 0.09328000785660884 0.08984723725970882 0.10009892228489017 0.09836216214625869 0.09248914229390538 0.06915230876467067 
0.19062150274462814 0.08774715122382612 0.03330629202558282 0.10886065916467325 0.033567672658170324 0.11179633867090041 0.08073047597973812 0.10732111088782455 0.12162368067461578 0.08442997905158901 0.0863422427762413 
0.0058175054736677905 0.07979308724575998 0.14862862692609785 0.11382656530795994 0.07174022239443283 0.09047465707956047 0.08249763464065743 0.2149621438534446 0.0984633223439513 0.09358330033881569 0.07393997868826575 
0.11616804030208412 0.05320875581920494 0.0876052391013617 0.150327933657293 0.07710868670057572 0.13338755120679402 0.11329913273188685 0.10792020529589412 0.1189023237525513 0.08538354325923271 0.067832187298147 
0.06425523709768595 0.08028696906591302 0.05897446565119376 0.0909942867535143 0.11466958445333363 0.10887653312592314 0.07918203593284533 0.24256397041816755 0.1088920386160126 0.09841616741241133 0.083191348933595 
0.3253448169124163 0.06656085188408294 0.06407940996599794 0.113789246996915 0.06972361925699475 0.1328435671522318 0.09326759919894238 0.11082924089218008 0.08577111941893477 0.09040685572092715 0.11194570852524471 
0.03971427580170764 0.11583870827886555 0.061264009119746936 0.07772267719009113 0.05904996337792312 0.07806212259447844 0.12768758523167054 0.15129876016485536 0.10026140475046541 0.09040155271222214 0.07976722002522597 
0.010523223118995107 0.08140147863085632 0.14789710153864843 0.09130765416578077 0.04842761948873912 0.11568660823993779 0.0951373322759244 0.11050039334589144 0.1049263080997323 0.09576038645009101 0.08012294719059185 
0.10469132130029517 0.0744496237989987 0.06160622731520607 0.0969367411530787 0.06396279602406647 0.10032298123261926 0.11578886188601738 0.1774469337417499 0.09199727858663932 0.08526635990770111 0.09041460286110238 
0.2767203851260265 0.05477540114321301 0.15659353109437588 0.06072799529306126 0.08538534868147207 0.08154497786738495 0.08231278787675063 0.12185476020518565 0.09273678599913553 0.09860745253895528 0.09172660668117188 
0.00455511954352021 0.07691263851540533 0.03813525325902249 0.07227714492912445 0.10107958633140599 0.10580531958291944 0.0799771798436266 0.16967596812485047 0.11749765517502539 0.08854261614726729 0.08537025146470605 
0.09367470967286431 0.12493084716100684 0.0618599508898541 0.07443875565304264 0.07800404757266924 0.09495748451018585 0.10558966742061492 0.18984797364729933 0.08925500420223935 0.0853895428615552 0.08127152352682837 
0.04311637646379396 0.0700854780046399 0.036882908810020806 0.10136783419639868 0.09482154293783487 0.09162727642581407 0.08856509026859767 0.10487758894140535 0.11036771679758463 0.08943112197004222 0.08781836528392872 
0.012464772764415698 0.06660762502986636 0.059652371505056416 0.09619348143121248 0.09112753020442452 0.11974041085193052 0.08488583339241848 0.32965506979605186 0.10295589566594723 0.10435669562025668 0.10140522234437671 
0.051106234709238064 0.189476025026782 0.06079428829344817 0.09702829591379418 0.042001557777979544 0.08047918455849126 0.1027647729075787 0.13801183004083106 0.10506722509475544 0.09787616561195275 0.09140376677883068 
0.07032990877975576 0.17227847602841606 0.01840758901087512 0.07927601646000919 0.06635999991277383 0.10787716634386484 0.08072206177375002 0.2044500882487416 0.10663479377582442 0.09951515557437028 0.07967949662204589 
0.10954219496369211 0.13991105055067218 0.077807781823731 0.08376119986485078 0.0382792945698815 0.11515030370053304 0.07584476415775751 0.10216170249410751 0.13479508335139473 0.08955092329280799 0.09532230964228978 
0.09513032599160715 0.22489370865685107 0.041661328312313846 0.12642582196050853 0.057076238500310864 0.12085313295077572 0.08396025788385546 0.19773132900333834 0.08811357499044425 0.09963684838738215 0.06606041738366701 
0.12195311820149804 0.12419054837442092 0.09483363560628459 0.1101182737012519 0.07274339443091918 0.10535987399944835 0.0947403216818895 0.1269060039487493 0.11241346032457249 0.10210216352782546 0.07362138806176823 
0.1127670084144829 0.06233271341583972 0.0804068636812372 0.07960043072688291 0.06206334711662927 0.09208713420843043 0.0766166917868667 0.10100413012731749 0.09133516344770645 0.0946968128539651 0.12721296793857276 
0.05297167794356023 0.06451210510651738 0.09286346517353034 0.08724273129607889 0.11211556459913714 0.07966493460144991 0.09653913925089391 0.23941296973846402 0.09395429179358758 0.09090068399222355 0.06012556034648537 
0.04106914758674503 0.11557528950267007 0.053950485385873284 0.07796369719737208 0.05909003903456791 0.15065891134420162 0.083157550422216 0.10429823171910572 0.11048640004175395 0.09280153422629188 0.0901392878319194 
0.059240665948063986 0.11090851841853977 0.04316971575212426 0.09047801983857394 0.07891205595333925 0.1039617753479571 0.09576554998772417 0.18802573141471796 0.09782528264292822 0.08462181462282513 0.08633282387460134 
0.09823905845236279 0.16873271218145375 0.05914180822371236 0.074880142036758 0.07157543322582678 0.11479891111293025 0.08489420230272511 0.22930120909951715 0.1014920793657777 0.10044497361236966 0.09025018426330018 
0.03233769822483439 0.12446522306333865 0.018194414152922642 0.09511996675334185 0.06128656784747166 0.11594915380015504 0.08397196102716901 0.09570669846173929 0.11503680993464198 0.10149465407759917 0.08623271918386613 
0.10378302002463616 0.1247097047531414 0.06296783338141262 0.14603500129461025 0.09130574052856967 0.15632571292641168 0.0811449730015785 0.17907856145184758 0.09716350821190523 0.10533525091028142 0.11703584432730871 
0.03723509286162177 0.17370589503571324 0.09560200404038699 0.08916484678214406 0.06622510971670861 0.15873765038519705 0.09246997104124978 0.10047049311938323 0.20272809072711492 0.11401022033462699 0.08887986818350119 
0.08822864541385862 0.1849893445932166 0.026262778080612878 0.1291635593727633 0.13026735901199735 0.5019067573440027 0.1415146833024316 0.6042046486798672 0.3523570803880148 0.11584943599674494 0.10278973837275429 
0.010040743314687479 0.10223595521884694 0.02358101126957093 0.09361765958603463 0.07261688682047084 0.1123118019712778 0.08555733650298283 0.1341405955271691 0.11104877173692582 0.09813467948508028 0.09116809304341904 
0.04817489441353882 0.12144772632188676 0.0509363304235025 0.07660858464816579 0.06173150611844469 0.10771410374791467 0.11145455651113766 0.21936860837352098 0.0920535367866376 0.10589049158771209 0.0855827300771596 
0.0585736037929985 0.09137018710291935 0.04457793421546484 0.06891042270490692 0.07171704948621968 0.13990267262347897 0.08712216037536542 0.11229284937025621 0.10197060055513082 0.09071593162549142 0.07028722440406998 
0.12125221600288172 0.10270232270974633 0.09418955371242711 0.07399927223294307 0.07228099032043134 0.11183736786706473 0.11299579341564019 0.1822083150974411 0.11703480719007116 0.09288717108666007 0.05777790740758806 
0.1276764053669326 0.14913805263384727 0.07421923902115841 0.14777492788402402 0.06920848395442307 0.13603826790481416 0.07053284159016775 0.34540600442936437 0.1048201891712197 0.08962849462434999 0.1078567898357424 
0.09804891574624745 0.08976540659065017 0.06466569418022312 0.09380316680993572 0.06214021571950307 0.1153865658050116 0.08254015009732432 0.15701227273188406 0.10363083984469322 0.08120454106390448 0.09042384034654344 
0.08397612104559427 0.06878384464922503 0.24969813521567172 0.1076647839577676 0.07312317292038566 0.08466857689462846 0.09092686018923724 0.1978811383023041 0.11348628683785586 0.09419650228064912 0.08903010236080217 
0.20070781168291799 0.06162299596508597 0.21093310969373721 0.08078302735029734 0.0899981125861664 0.08482732054112506 0.0727018964326162 0.28295078101896676 0.10292628722305606 0.09507612666313493 0.09965771730848683 
0.07096570683883147 0.14835395389719463 0.03430211779758804 0.09876052948020791 0.055152630133608334 0.15395104089740833 0.07297059844327891 0.2490690386059948 0.09016642317142715 0.10121162976393806 0.08606896645732505 
0.15327081704691156 0.06570967885539894 0.11654966714757967 0.06604455753198463 0.038362145160368774 0.17662152388357583 0.07792405103596933 0.10674630141997972 0.19570513904141779 0.10110176625671327 0.08616329592706409 
0.06059505341637579 0.1679272320998768 0.03989183920047712 0.056197639865145074 0.06739856136353885 0.12567021098154832 0.1030177509333903 0.09759577135087177 0.10461141244458871 0.09148799600967156 0.07965422645065745 
0.07618386976623957 0.07200790537992978 0.14957845297788194 0.07565000414759604 0.07531262531705575 0.16202883486055317 0.07270547882687545 0.05359937826092322 0.1837431057855308 0.09654432749576598 0.08153766245506566 
0.0359538162344716 0.15391566052303154 0.09741891911098267 0.1125568480997566 0.07732307378003421 0.11658581028517284 0.07421912430713863 0.2222608539382121 0.08884463041013614 0.09695810266139128 0.08969509887093137 
0.048857360273611886 0.12408277884062724 0.06599841303091729 0.08422483042585173 0.08513124928724215 0.10738916725006296 0.07979119066719322 0.11216907085551263 0.12274233582766753 0.08570921272176212 0.05449148996744137 
0.022252538298412068 0.0737464986369778 0.10903392482289614 0.08450997566715869 0.10276415503017677 0.09220737487345611 0.09344333078863472 0.12687712394119333 0.08759023992572997 0.08109755922655731 0.07359376831943747 
0.04398183446867112 0.12303951912435841 0.02716453601468722 0.06676361144313644 0.052590089673412124 0.12719332074865786 0.0836129816626442 0.10222413052316703 0.11200389398337246 0.09330517761015576 0.0821794367174492 
0.11137865244689693 0.1093987458565925 0.04702349756706492 0.11264174546311223 0.050123115307858006 0.1566692995836546 0.07417500117253796 0.06871271437319246 0.2165416915070803 0.08674012235310186 0.08794640091497398 
0.34226136771961235 0.04524873406971112 0.1639194075231622 0.11166774003006862 0.15692698387319678 0.18741242184679696 0.1243214535034642 0.12783766043343517 0.20903397658808712 0.12957268416592388 0.13694854029791 
0.1046330855608613 0.036975745788576146 0.21271599425636195 0.1208956467180345 0.07102421843269609 0.123760820243952 0.1245180722256283 0.22008151763948214 0.11940261684881334 0.12175853787711208 0.11384452714616905 
0.10265127885178625 0.07722330919905783 0.0693786645036866 0.05393969372974859 0.0799473644123167 0.10407824320017711 0.09858656658245607 0.11045018753385703 0.09480229869033148 0.09002545198376367 0.08465230933875864 
0.15847188932046985 0.08019745617270667 0.13781978542249632 0.1329473677915417 0.07859528829280181 0.08376110111215822 0.09702751508264665 0.09399903746827099 0.09190321962402344 0.09445538426152383 0.07142011030881529 
0.04126183361569806 0.08918799751980441 0.22439134759914234 0.09237024527240713 0.06328476841042559 0.07539128225582788 0.1067095568693132 0.16711509405801403 0.09475499150272473 0.08734491681653869 0.1071362743409682 
0.060157589313642804 0.11455762903404777 0.03915657178775748 0.06852508225760062 0.10113120134779961 0.15723281026457206 0.06478703196508633 0.2270229217739381 0.1115635702927788 0.08950161024625422 0.08650452846329844 
0.09664382004540233 0.09572403498506657 0.06537434344666582 0.11789006705572272 0.05760187664653299 0.10054655213636488 0.1472071241766025 0.21561677562325307 0.11028846330042984 0.10977160731938476 0.08902341551159719 
0.0788722739169284 0.15694439964139897 0.007479158866874996 0.05277013288429921 0.07008179168390963 0.1776495079952957 0.10204774035827736 0.2083248877134582 0.0914451707475423 0.10334549903526667 0.09055886385235842 
0.057535714528052145 0.09081088738269118 0.03587006568111261 0.06985373550276497 0.07611782653594563 0.09264984014143234 0.08511270090298152 0.17368674075652918 0.09770636220769871 0.08859647131110727 0.10694657740744479 
0.04394951413298329 0.10577140506661803 0.13181167715066788 0.07608345581864388 0.09856752998576276 0.1049510805983504 0.09422565434088029 0.06464946427786501 0.1085968428695394 0.08970090681095648 0.0691345429851869 
0.07367228577719447 0.15800359284406343 0.0346828595645579 0.10285352578889084 0.06556299004061797 0.1461306553141097 0.10316159990234147 0.10169522574528136 0.12592462424540268 0.10626160270599642 0.10268500190219632 
0.01666633435233535 0.09313220729499677 0.14377868654875395 0.10468890043697625 0.053318367970805094 0.12063969916886176 0.06543281155285967 0.20505891889297856 0.10335185042782487 0.09760442933157036 0.07579036876859929 
0.020855743600822613 0.06628465193144852 0.12176400331989398 0.08371834979255674 0.05159999976975096 0.1409978994227361 0.08029650063038839 0.29092165355996086 0.13219455448480982 0.09523029398712918 0.08011711510496268 
0.02385410331752255 0.10217307401868313 0.13111189389394645 0.06714003956341248 0.10273982923453022 0.0899353569254611 0.07849307427345376 0.18055814879519594 0.09293409202573974 0.08529826698217201 0.09045985769931415 
0.2690199501018229 0.09019907165575794 0.06964340008712608 0.12761054634379865 0.06199271865526209 0.12508888295403292 0.10807715308227119 0.14973804965855936 0.1257136057430261 0.08885602488642629 0.12484478678721588 
0.1741531686582595 0.05561413298443461 0.20136511296772813 0.10948485566351793 0.07858845598371163 0.1005716832421935 0.12229439903291645 0.25474772112300315 0.10111683479856022 0.09869363943773264 0.1023508350505422 
0.024552776422360194 0.10765045831426194 0.13240685853328496 0.0957832100941078 0.07659938446982695 0.10257247723870201 0.08908004156332881 0.2481898748924299 0.10453610930035105 0.10557718370620348 0.10596300573104633 
0.08115883373628516 0.14028408687412594 0.0418940190070455 0.08712991854155089 0.06296309235616991 0.1346213861670166 0.09992060112954441 0.1790934622846677 0.12918976588413728 0.10837498834652433 0.07702735925166278 
0.027086819917772554 0.1221760307416143 0.22216254320422466 0.10409210885182617 0.09505960231663431 0.15286801670001163 0.12700164623980023 0.22918681464502322 0.09884887403812548 0.1028364852780617 0.08642924570894123 
0.10630217520191057 0.07594326526885402 0.12750357021490047 0.09275527894754221 0.0502500403671572 0.08579564034401657 0.08969370966811634 0.12992223921186924 0.09800320457241588 0.09154292436456261 0.09956845332004066 
0.09113799013190127 0.13254628471210145 0.032348571826436516 0.08050822658814978 0.07665768511364345 0.10668604642059648 0.09028594787379929 0.0998728830767403 0.09035608275273334 0.0821450576328775 0.08227437536763738 
0.11560554466745974 0.09904554439673048 0.08396500238690262 0.1303259495976964 0.05363630207342945 0.10940807592588023 0.10081609254453638 0.26818907407508213 0.1206172566459306 0.08800742095521549 0.08860124806786335 
0.056570811490975065 0.13815466459344167 0.04236086475426589 0.10810883089267243 0.04284902371331195 0.09917603292638445 0.0846196123135535 0.11339498367580984 0.0823743242776741 0.0947066103351452 0.0930384648818574 
