[1 1] [2 2] [3 0] [3 3] [4 1] [4 4] [5 2] [6 0] [5 5] [6 3] [7 1] 
0.22345546610409672 0.5424018865209034 0.4145427977113769 0.4634195526477564 0.2701176380661911 0.30163972422269997 0.3865888520311347 0.4332073339368922 0.32893476621883183 0.3243942480164586 0.3598953322506097 
0.12355930397369318 0.2311152022527724 0.3655044660457082 0.33986312260952606 0.2969627955497142 0.39683726445291795 0.3319156980806896 0.48075699438894004 0.32780202142917525 0.3156621012165967 0.32954276745395533 
0.2943246305238583 0.23807306396254654 0.38624346131341447 0.36236338847593785 0.2792152619129531 0.34441459592149026 0.2904319915580545 0.31390672973500083 0.3231826127582031 0.32216761773926206 0.29159843637165006 
0.3008569521930319 0.35573577767255304 0.31645156021625837 0.31569995323753525 0.24639239641031518 0.36897778575083057 0.2596086885902819 0.43846667896574126 0.3607276652272027 0.3098225070984231 0.3537598973605281 
0.18387686726709865 0.36208236582168835 0.34211290585892595 0.29710522861169003 0.24671976357733502 0.30450038305118193 0.28994655230487937 0.33429533741871503 0.32212256555572705 0.3219325328158623 0.27850076647543737 
0.18919251364137193 0.34586876976448183 0.22343385468049307 0.295873624203437 0.2894946879859554 0.33442153445579503 0.3220917274720748 0.3002961245746727 0.3178382153921203 0.31781439161988156 0.3305890631623247 
0.30349698853175505 0.3351658794788014 0.46025612775931496 0.29876720921346595 0.259644861926118 0.3809051479550628 0.3722807510486781 0.41556892781834814 0.3448249286325212 0.30249037360198466 0.3412375295209006 
0.30102116355062464 0.3285857763524917 0.35075540330920535 0.2679777742323098 0.2893263811106188 0.3112040361263401 0.35420110402314714 0.3874953265351008 0.32301409786948165 0.30147081104692613 0.3393476588324723 
0.23503837836119604 0.3199338589208055 0.16793807987109535 0.29242616843761043 0.2737049044898452 0.3213652760359171 0.30248817141944906 0.4911870679295281 0.314600203285583 0.32714253035964086 0.3283673395761173 
0.1863912567803961 0.47649638221666624 0.48218417526410784 0.41306843103732077 0.2731533150051126 0.35554034622360664 0.3288105120326337 0.471997131515579 0.3148981231191069 0.3215566115992549 0.2989977197038035 
0.14842089289908683 0.25286759247289803 0.3179331718471237 0.3126643640990326 0.270920990158253 0.2973000415317106 0.3083750449761382 0.3502031864163953 0.3113731664175762 0.3105521205084408 0.2709354091506353 
0.24489786383118164 0.2785350870849593 0.34125396300769145 0.2837785410589544 0.23902673149829426 0.38831544157657183 0.2908423734234844 0.36605256979392664 0.32034864436544125 0.2917870923117639 0.3137144128346338 
0.17456648581958475 0.4317787754109566 0.4564638700486314 0.27463691687142255 0.3314525581118639 0.31896925001100757 0.32366450952134984 0.3571186528609333 0.3169719107134952 0.3342230079523088 0.2852249219635645 
0.34381250108791306 0.47265788801076863 0.6218765884966367 0.37654801424340545 0.2728025660774159 0.30279221800562506 0.29933366704588815 0.38111796488142397 0.3677213685793966 0.30629828564911293 0.33383259278234223 
0.20159236059550148 0.6456503536889648 0.5546223720066178 0.46604235179349945 0.5257254808108558 0.36789793702583584 0.34917164735607414 0.4197478240201017 0.2942922451262106 0.3235193626473314 0.27029194586450794 
0.47734908567584955 0.4401384096735882 0.3025197386845687 0.3774526784552365 0.30388111837272636 0.3648501308917694 0.3110496154295763 0.3536687512504208 0.2975333759275682 0.28376755344199334 0.32209460608376717 
0.11157616587707288 0.4010163942676588 0.3148056489740488 0.33924568694829677 0.26847231006420386 0.31638381114711556 0.3261206045597355 0.37765529028872336 0.31484534434086164 0.29863972534567873 0.2735439229814487 
0.3103283842838848 0.592348760509589 0.5649676680928949 0.3604461840511457 0.42311022660392245 0.2933309662433634 0.333250937942293 0.36182242421388333 0.29322327135788 0.28985534385919814 0.2967655050395765 
0.39077549852909815 0.1720555285624429 0.291748113804732 0.27620190286656554 0.26780365295425473 0.3737395441489026 0.2917793350465448 0.4153424983350734 0.3674768615389288 0.3163038888734035 0.3325329988237079 
0.15934196247937352 0.4252845404166848 0.5373390938509506 0.3601505455744647 0.379340265743288 0.30252343967027795 0.3242998258718991 0.3384389328457077 0.29835212888800366 0.32454530285911626 0.2931297998205789 
0.23837003903285162 0.29001741902146216 0.3003633247434024 0.264110676656627 0.29374612822711793 0.3334105939595689 0.2876392708195546 0.3264605455524824 0.31374181761979975 0.2896953399600363 0.31231019142690475 
0.01428993372173671 0.4085470822754822 0.5462904740442307 0.27468581014106364 0.27463359982891355 0.35297057089288003 0.29957401486406593 0.3930271646858891 0.32243891725979623 0.31571511575407923 0.3264611874098892 
0.2988568658173712 0.45898182687053357 0.43686366388578496 0.29166766254429455 0.2995106646524516 0.2967918737870423 0.31016406159035265 0.39364273763268653 0.3211617038517873 0.3314269508625819 0.29678099385027645 
0.10857804066398212 0.361643003449961 0.41621719894339543 0.25804420463798383 0.29987072374094603 0.34409547871056745 0.3253599133207547 0.4346326686621903 0.3507695204051701 0.2976191875990766 0.2860621808522091 
0.24382192865781965 0.3364367830942519 0.45855203639108516 0.36080558496018433 0.29100007098336167 0.320089240488756 0.29163856471588456 0.37434942822667594 0.31372623069647376 0.3259762693598451 0.3170739308080957 
0.12498327954700961 0.48314537289230935 0.13405127687123392 0.3498632393702454 0.3289496671785546 0.31663995412007756 0.31447310679356666 0.41923728479365957 0.3201562880279753 0.33068705726039616 0.2942901866740355 
0.1626085056683259 0.2807444090335143 0.3798593164293225 0.2960099917673966 0.2703237927470607 0.4022570327807414 0.3139952388763645 0.342169417996376 0.33624144770684167 0.29989404018854215 0.299842240214888 
0.07722986845062513 0.3091522704327088 0.46036474727077376 0.26744654567090714 0.2693377827935237 0.32255710515503033 0.31386570926982454 0.37497458550878104 0.3376855581368649 0.3294610335043783 0.2894532857308959 
0.1490909967729819 0.304979612115827 0.2931914255080362 0.3606136633227197 0.2765858393507935 0.3475103587771767 0.281772871160476 0.31644196215693204 0.32332141241726753 0.3171442398571018 0.28386095986983617 
0.39121476348531586 0.24134621076462345 0.18889743207696444 0.30224095069470464 0.24703128384061682 0.3220482710899768 0.3260993631990799 0.3910332340617378 0.3042423017639778 0.30762248189990543 0.3086728464697308 
0.1773621260522629 0.3481853544382972 0.40805616826206753 0.2657307210020828 0.26495123356499695 0.34921059221426903 0.29623981180028236 0.32663210295699463 0.32549207767512156 0.3147594579542579 0.30013669960833617 
0.05754900581232588 0.5141802093207296 0.6089492822695667 0.2937112857067477 0.2969821960287565 0.3186233697969157 0.32294687991492227 0.40314604864525566 0.32716440383915474 0.32929444263500773 0.3150034968401003 
0.18812639591295796 0.3070481987422331 0.17145697214071007 0.2954158690773271 0.27130061793553534 0.34078780940902964 0.29329160171430874 0.4098859194248731 0.32417332269287075 0.3142417369057336 0.3066427679932094 
0.2309027196014215 0.43024859938014687 0.35136664461677347 0.3192305446086482 0.27717081984270525 0.30290300891216676 0.30694880971198163 0.35585146770721693 0.3015075249703407 0.2934432450868447 0.2722868742616296 
0.175671193823737 0.2540322959545344 0.3075189433968117 0.30086744932318926 0.28744103925315967 0.3226470414890488 0.2988938501727554 0.265163945700904 0.4034742662852138 0.300058342932329 0.29529945171628363 
0.09664049707200673 0.321522967922637 0.3820686112960726 0.29387586849806874 0.323174843907104 0.3743859315992062 0.2881775506840836 0.23440964638116177 0.3241647282851694 0.30480370577850696 0.30098603578373057 
0.19520522476065894 0.31238293672077955 0.36721034726413665 0.3368341487018455 0.28739440980239433 0.3525081222714266 0.3308632431176985 0.425426972730585 0.32389522245983804 0.3487380919416776 0.2711546209989624 
0.23434241164454367 0.316761356075573 0.28235932675656783 0.28504650005977794 0.2738054361299494 0.36932303425277346 0.3670566423172729 0.44982547638207965 0.4098051815248992 0.33606349842788474 0.298322099055799 
0.44149851388024697 0.2744637042599082 0.3790142156362719 0.2901082911495228 0.2652143483024708 0.3255153243154786 0.2868088111940347 0.3630915367278099 0.33330646058798175 0.2955011401192135 0.39681143952705045 
0.16976138890788398 0.3882440257777521 0.12447405200549366 0.29464929655957967 0.2566658188253404 0.4616906953205589 0.2726038508685275 0.5438187608463686 0.3262864163396131 0.31951680514760833 0.2911400951476466 
0.11499093076026841 0.2848071998944356 0.27448181753304435 0.2794257430214448 0.2962116798905401 0.32023917152843023 0.27884412058304814 0.3608657490107963 0.3232054887368372 0.3124063610634174 0.3152637724250748 
0.07846007657483856 0.44174641884959676 0.5413692774656365 0.31571587948644014 0.23257074490694407 0.36389012036480456 0.3370234256180603 0.39112201711901695 0.3415581288409644 0.32309520412449927 0.29975789928580043 
0.2754590934703052 0.2730820764466924 0.20032520822440833 0.2601096486137053 0.3702285084646584 0.3106934760320373 0.3337961926257981 0.40680699631121314 0.3299368055098296 0.3197821686825425 0.28810156077497556 
0.311163376959077 0.41557199067050754 0.3535125543720197 0.29253126813163166 0.2876585620463311 0.27498578490028047 0.30233270956584335 0.3376247960635939 0.28939633226778216 0.32501363979564973 0.294035585942458 
0.3002440648877445 0.30194264417736505 0.36253045538934103 0.3631379953595077 0.23437769033884756 0.31381834714568446 0.2927898249893089 0.33116959116478056 0.3259218271287504 0.32989055673945455 0.30272830671316836 
0.19166337332754582 0.336711111558776 0.21809662162530416 0.3322622807872101 0.28220206007132986 0.31922095802963973 0.3282020433032754 0.4290016501923808 0.3165596709465578 0.3127355411586966 0.30699272226409535 
0.23559362581002158 0.3249303805798389 0.4732223762218241 0.309096577529925 0.2614174340057838 0.36378813877232424 0.3104382856469418 0.24714878926175002 0.3545646689475966 0.34718887110800223 0.2866991403490935 
0.14702846022460686 0.4070655868850653 0.44408833008443827 0.37241546828044936 0.3460685678478263 0.399135940835009 0.3609622213173976 0.42284015234617567 0.3208527634168305 0.3262698975424856 0.35340681301661675 
0.22921960374550396 0.2808037843096801 0.3684650830147927 0.35218527473852557 0.3474573121335657 0.3780404668343883 0.27680715602343636 0.3129282868758791 0.3298362599650618 0.34023264984897694 0.2831926378987177 
0.06980588821540788 0.24256249281538225 0.3948200492987344 0.3052460075567652 0.2828870740566615 0.35543724638409757 0.29452519995213033 0.4229474888207774 0.4060930506405406 0.33977283660382607 0.29690698878447336 
0.2650474755302491 0.26891397590972455 0.31198815574761635 0.3008499303658502 0.3289802294926047 0.33118767266623694 0.2766072075496479 0.36058567798992025 0.311874279356439 0.3169106852487718 0.2932646786689249 
0.16291839495577415 0.2590208772140458 0.19530128834642008 0.3048215147502313 0.27717861258463616 0.3072059665985855 0.2795057198182025 0.4054866880320515 0.3029074623207722 0.33512752659985845 0.28878322736561995 
0.12529542824532686 0.332158317111098 0.24970435813127406 0.31053955783061454 0.2788933928343207 0.33919341576175455 0.28309262866870444 0.37811110323802166 0.31982568505684755 0.3133585618744082 0.2992671615361327 
0.09367669313288123 0.5230486780212223 0.6202642312740583 0.3534418163042452 0.2543345020351479 0.3967317468947172 0.39955788681652504 0.42954851298626795 0.34546620308486187 0.3570787014608345 0.2901259044010831 
0.30471304787018344 0.3434725631142758 0.3512439199854912 0.26186640155952295 0.2977415357281398 0.3622364857236182 0.3227752125552115 0.2798975051852855 0.32276676345648814 0.3078380339387231 0.30109016351988255 
0.1106884564814398 0.37064921468362405 0.40816986188480076 0.2671312071010196 0.2700800425626021 0.3549391253313884 0.32578539878815954 0.2577264947040717 0.31411569283543234 0.2974821367146128 0.30124805712980685 
0.42869369047372147 0.31205879807567777 0.20342120612988238 0.26085696891044047 0.2600801335816632 0.29577519789922196 0.28341316921136367 0.3586969458069825 0.3541959128341787 0.32203365419226954 0.31735024482136515 
0.40847440805945384 0.6722313284902586 0.759235720872313 0.5108799383375124 0.46426562410165156 0.32350337621657105 0.3943801491173751 0.45331258978637484 0.39178161998706307 0.4550774600884177 0.3475865926911773 
0.21425069482792128 0.316453411390195 0.27161246009071593 0.26559735683983665 0.2639254314354473 0.32317196847041624 0.3292012389789692 0.26136713107010506 0.35513049034461747 0.3299447029230864 0.30282281720477977 
0.07356118158429728 0.34466618315871467 0.31654736741856937 0.25249150877234244 0.28682380905553495 0.36579621192363304 0.3527134852587208 0.45345149689519004 0.3080674675526809 0.326970730708959 0.3118373241116896 
0.11771137699595911 0.30973115568614695 0.49735581514693356 0.3024836439242049 0.2944631241452121 0.34825867419370116 0.2996580744146951 0.3537590829270785 0.3440061122504907 0.330433533421094 0.30131927270545544 
0.16763852683838265 0.29862150288835354 0.17808179169288382 0.34851358985802605 0.2498567297267153 0.3500256404222956 0.31089046646259716 0.427504879225057 0.29984671913124494 0.3167383472642635 0.3097408956437462 
0.0661115068296282 0.6176699356657661 0.12847422643299364 0.43112950316720794 0.30726796540663404 0.3405368010131081 0.2820436513881666 0.4219854103113957 0.3188317770219589 0.3180146942124496 0.2722565696257738 
0.16756472221835253 0.4184516483007763 0.4590810520076474 0.2807056463039217 0.28224993796657644 0.3292116561880762 0.30122591551917666 0.401566568858642 0.33640514679592953 0.3411663587994886 0.30172282642800896 
0.14533465003350235 0.3446793510203002 0.5363577367267888 0.35807266028823775 0.3014963759359078 0.32567434687909125 0.2879678305633352 0.3749933344185473 0.30685299529080473 0.30704739288047117 0.29454643797337043 
0.3048541182276776 0.4253953138724643 0.4488182351947835 0.27370052246873433 0.3707292582308438 0.3935001896634965 0.35838433382809814 0.4131194339957419 0.339067904357139 0.35701585571828687 0.34961141574121235 
0.2598414797349574 0.31760085062772075 0.2497407108555752 0.2960032313701073 0.25573839198768245 0.34920610548288356 0.2730511414114787 0.37350071379327665 0.35865459893691487 0.31441109857851335 0.34098345474412484 
0.11183438164879912 0.3028763824871482 0.2260378598044647 0.31954189074106265 0.2996847420288857 0.3261804525065848 0.3214123793840219 0.4898870433383959 0.324943154219612 0.30651053673918943 0.2919544179053781 
0.26672741572119657 0.3708896478296633 0.25056519313622305 0.25711129538324007 0.21116078037524352 0.44669841517100767 0.319671653581257 0.5310017227541806 0.2983302392002045 0.31645925523831153 0.2887994047803233 
0.3119250556735272 0.39803586943708846 0.32852404672316193 0.30436686489009157 0.2646135098025639 0.34609509839242036 0.2675028393785838 0.3382835997816824 0.3476064653198501 0.34475522520203444 0.26509958623224766 
0.15360276182328295 0.4157805017964647 0.46796392135559745 0.3785622892863611 0.25045888435017105 0.507607936901186 0.40695359476730825 0.6026473756682112 0.39397451473750167 0.4058224817688277 0.37157259818275884 
0.19622165213875903 0.4402424871355614 0.25538579480384294 0.3785756962312677 0.32539189424523096 0.36601020269298085 0.2955736953783521 0.4046673128498005 0.3511805049323268 0.3019140773711523 0.2971832590569103 
0.14471126119761168 0.25574045220266123 0.21181516690579213 0.31171299221016174 0.28535950124408205 0.32783451112023926 0.28823898943131204 0.34078333603740274 0.3398542327671387 0.3232936619567944 0.2763299089195954 
0.14641620432909144 0.2380710734019923 0.4071019731329187 0.3101164302308703 0.22549143689538417 0.337798757631478 0.31086705251111296 0.3550126951183866 0.3564180187706831 0.31539538536530926 0.30780881211391503 
0.2413054364249532 0.3510962769960088 0.3357309850297762 0.34154051408114533 0.277589074762401 0.34826883085457405 0.305399124217619 0.3099867714186049 0.316367492190497 0.3311211333035465 0.29261628124953326 
0.08293882165680812 0.47449184640188885 0.23803734252158792 0.3091562081052594 0.2400049236389475 0.29784827140373343 0.2951756706455358 0.256674196825458 0.3317975318049929 0.32564410592708476 0.333796940347152 
0.17785738405916915 0.3176001123113488 0.3217527507840942 0.3033160575912731 0.36791716135129837 0.33978989442622304 0.3253564944014339 0.39130005575819193 0.32704721243087537 0.3218753948388929 0.3381155451955474 
0.0866415757108549 0.42543978477017214 0.2743792433388161 0.3302523604627592 0.2497065316982474 0.339606649502651 0.34011607228227586 0.49173686031289227 0.33437215617589977 0.30346188204673047 0.29822230821857965 
0.06137402463007905 0.44938824665399285 0.4522274470535203 0.2994472528810654 0.3014775939301687 0.3191622059917594 0.2942534082547173 0.42825844913215977 0.33485118886510773 0.3178697749619147 0.31404062418267364 
0.45367134016820887 0.4811202186495715 0.47845740436921813 0.2736951587633662 0.3227888425077101 0.3216961388964133 0.31442935216403317 0.3879308979841543 0.3512454153663084 0.3729773118650942 0.3005005726826385 
0.14017372162422234 0.3205361947514927 0.3804997010571147 0.28945315200356686 0.24380768612853274 0.33570221249888244 0.3143922126467652 0.3260312187611092 0.34612118276544385 0.3199736548851942 0.3004771740836866 
0.02519772002402145 0.4826931127201362 0.5792534611769201 0.3552312155870636 0.24081752257802702 0.3206977134699025 0.3286743429117196 0.37620257402603385 0.34981744203014664 0.3177751554040418 0.32489474318113587 
0.09802181866504761 0.2894363412040604 0.46799915026891425 0.2949347641718776 0.3216659227448495 0.29545948234317215 0.28816856392784906 0.3901423621783536 0.33227797590410607 0.30859979760503914 0.2918019418328591 
0.20120700644297285 0.294026290124025 0.332783401350727 0.31995255612723306 0.27378267663101247 0.33442196280774966 0.31635724185766967 0.27449488629146684 0.323122477578716 0.2994476564797566 0.3162337541220569 
0.2383354870015678 0.3056141977267302 0.5074872344222031 0.32564358651928116 0.28676068719026404 0.33845763912036414 0.2917915927862177 0.37448990932978127 0.3121026244311676 0.3180524405158627 0.327841263046003 
0.09419154394675101 0.4359193551021157 0.4566835527733023 0.37299661851474336 0.3348713486300952 0.39896010970491425 0.37237490169559223 0.4607194571500495 0.3494736953684954 0.3380785939078626 0.3531837515901695 
0.19356277034025013 0.6530848923105711 0.1143434272152022 0.47898994518391924 0.4082883311959374 0.3469703714646663 0.2878761964075066 0.3950263159165163 0.32292994716319073 0.29820406314088116 0.2989652161690427 
0.1775272830540709 0.3449745497334137 0.24871936987459628 0.3265040677963197 0.2582854733753974 0.3214338451587375 0.3192212357751332 0.38168638056893334 0.3212760015677036 0.29098633436159155 0.3248524613195635 
0.36886463155935223 0.20299048601387598 0.3858128417978508 0.3261650817163714 0.280419641731812 0.43733393298407375 0.35449201031067834 0.468346283866899 0.32577171613431677 0.33077571395237715 0.33988795875896466 
0.38878957513776685 0.29267548621040723 0.3199328093734765 0.2847766549557977 0.30636912133272654 0.30837975219921687 0.305847028520628 0.38504754354171694 0.3132323895702621 0.32496656331069856 0.29512933610459446 
0.1767582034579301 0.2938753234205017 0.29658859622548334 0.30137472358030903 0.2970607594559247 0.35116247875564094 0.2866242244138939 0.35508376074228637 0.3291233678089742 0.3189473152351962 0.3087460442016365 
0.19801958454252558 0.23988497656365143 0.2896481040807495 0.2980800799698495 0.3044758819471263 0.32490387629663847 0.326424166575238 0.3283956135132474 0.34108053699383345 0.3230731524984807 0.2788122148638093 
0.38597019659831955 0.37760404195340624 0.281033736140316 0.29363657289503736 0.2923412093669496 0.33709343011047643 0.2837965880451406 0.30810784604561947 0.3089446391509281 0.3126784300815452 0.30275023081492064 
0.20931911422789082 0.5769191412187689 0.32091351236009985 0.4632471989774598 0.37392768383440433 0.35681630825701294 0.3569094376541131 0.45325396307413846 0.33388517342458435 0.34312656756246873 0.31668082759676675 
0.3846570598309789 0.390978812938208 0.34580194025544697 0.2703670862501364 0.23481856988020403 0.3091123482627073 0.2889949914610062 0.2984508650677655 0.3071769298742287 0.29625760011785973 0.3147032385536702 
0.15365626924648304 0.4522379001099367 0.5019370955706711 0.3025469836620458 0.3149333558157088 0.31486489834291426 0.3056289734756567 0.32351925635309553 0.3300781872022695 0.3248612544107805 0.32194293487019454 
0.25959612752223604 0.36843927752493805 0.176874567959754 0.3146902264455783 0.3132700221769152 0.3385210130963765 0.3125759123158043 0.4549100409529619 0.3372350383228934 0.32491639867813565 0.3011095386041309 
0.5146872111954726 0.43427557203797734 0.41032190028548793 0.2708241472855021 0.32885952720465783 0.29603123913071944 0.3145339878750571 0.341874448235928 0.29856324660839867 0.3036190579915785 0.33418518957389065 
0.18561137568926192 0.23485246505587443 0.43059675004787096 0.3518923131550516 0.3205505382335513 0.36334640786246214 0.27937912666044046 0.38822107300307107 0.37108227851190906 0.32964617533188295 0.27307757003481287 
0.18549561751909463 0.3010445014665155 0.17088589303019186 0.30004466768273874 0.26259115841912684 0.3501107763039398 0.32504503239162513 0.2904102180329896 0.31444299235613105 0.32209902100190657 0.29790524483562986 
